33 1 49417312271000 -1.2258313 11.958665 -0.42223078 33 1 49417412521000 -0.53119355 1.2258313 -1.9885708
33 1 49417522293000 -3.173541 9.997335 6.1700177 33 1 49417632309000 -4.0588636 6.5513873 -4.140586
33 1 49417742294000 1.9477097 5.407278 -2.4108016 33 1 49417852310000 -0.7627395 4.944186 -3.214402
33 1 49417962326000 0.42223078 10.95076 0.23154591 33 1 49418072311000 0.040861044 13.865514 1.0351465
33 1 49418182296000 -5.6660647 16.3989 -0.7627395 33 1 49418292312000 1.3756552 3.405087 -0.6537767
33 1 49418392318000 -0.6537767 0.84446156 -0.29964766 33 1 49418502304000 -1.3075534 11.795221 9.00305
33 1 49418602279000 1.0760075 6.1291566 -3.3642259 33 1 49418702286000 0.84446156 10.228881 1.2258313
33 1 49418812301000 -0.10896278 8.62168 0.313268 33 1 49418912277000 3.3778462 13.184497 0.23154591
33 1 49419022293000 -1.0760075 11.985906 -0.88532263 33 1 49419132309000 -5.9793324 14.560152 2.152015
33 1 49419242294000 -0.6946377 2.982856 -0.6946377 33 1 49419352310000 -2.1383946 8.812365 5.829509
33 1 49419462295000 -4.5219555 9.152874 -1.3075534 33 1 49419572311000 2.0294318 8.117727 -1.9477097
33 1 49419682296000 -0.38136974 6.4424243 -3.1463003 33 1 49419792312000 0.23154591 10.651112 0.10896278
33 1 49419892288000 1.56634 15.132206 1.7570249 33 1 49419950363000 -0.29964766 12.871228 -1.879608
33 1 49420052292000 -0.14982383 11.032481 -0.6537767 33 1 49420102310000 1.6480621 4.862464 -1.607201
33 1 49420202286000 -2.5333846 1.7297841 -1.4165162 33 1 49420312301000 0.27240697 18.237646 15.241169
33 1 49420412277000 -4.944186 11.563675 2.3018389 33 1 49420522293000 -0.9942854 9.152874 1.56634
33 1 49420622299000 -0.88532263 7.4639506 0.53119355 33 1 49420722275000 -0.5720546 11.917805 0.7218784
33 1 49420832290000 0.7627395 15.894946 1.7978859 33 1 49420932296000 -6.932757 15.431854 0.08172209
33 1 49421042312000 1.879608 4.440233 -1.6889231 33 1 49421152420000 -2.7921712 2.3699405 -0.50395286
33 1 49421252334000 -0.5720546 12.026767 10.528529 33 1 49421312240000 -6.66035 14.410328 -3.214402
33 1 49421412246000 2.070293 9.997335 -1.1849703 33 1 49421522293000 -0.42223078 6.66035 -2.4925237
33 1 49421622268000 -0.3405087 11.182305 0.84446156 33 1 49421722305000 3.214402 14.709975 0.88532263
33 1 49421832290000 -1.1168685 12.53072 -3.8273177 33 1 49421932327000 3.759216 8.921328 -0.8036005
33 1 49422042312000 -1.607201 2.4108016 -1.3075534 33 1 49422152298000 -0.9942854 14.601013 10.079058
33 1 49422262314000 -7.7363577 17.120777 0.08172209 33 1 49422372299000 0.10896278 10.923519 0.42223078
33 1 49422482315000 1.3075534 8.771504 -0.42223078 33 1 49422592300000 -0.08172209 9.507003 0.08172209
33 1 49422692276000 1.8387469 14.669114 1.4982382 33 1 49422742264000 1.0760075 11.604536 -3.636633
33 1 49422852340000 -0.6537767 11.223166 -0.38136974 33 1 49422962326000 -1.8387469 2.7921712 -1.56634
33 1 49423072311000 -3.0645783 12.489859 8.390134 33 1 49423182296000 -8.471856 13.184497 -2.2201166
33 1 49423292312000 -0.46309182 8.812365 -0.7627395 33 1 49423402298000 0.7627395 7.3958488 -1.879608
33 1 49423512314000 0.6537767 10.228881 0.313268 33 1 49423612228000 -0.14982383 14.859799 1.0351465
33 1 49423712265000 -5.9793324 16.126492 -1.0760075 33 1 49423822311000 3.5276701 4.7943625 -1.4165162
33 1 49423922348000 -2.7513103 1.879608 -1.1168685 33 1 49424032303000 -1.9477097 17.052675 13.824653
33 1 49424142318000 -1.879608 10.760075 0.50395286 33 1 49424252304000 -0.7218784 9.343558 1.0760075
33 1 49424362289000 -0.88532263 7.273266 -1.8387469 33 1 49424412155000 -2.1111538 11.114203 0.9942854
33 1 49424522323000 4.2495484 14.941522 0.5720546 33 1 49424622299000 -5.434519 14.560152 -3.336985
33 1 49424722305000 4.140586 8.308413 -1.1168685 33 1 49424832290000 -1.3756552 1.920469 -1.8387469
33 1 49424932296000 -3.336985 16.507862 11.727119 20 2 785462138000 12.41 16.82 -5.407278
20 2 785562266000 13.87 15.4 -0.53119355 20 2 785612468000 -8.88 4.02 -4.0180025
20 2 785662273000 -18.2 -0.99 -3.1463003 20 2 785712260000 -5.43 -2.53 -3.405087
20 2 785762248000 19.53 7.46 -1.334794 20 2 785812266000 19.53 7.46 -1.334794
20 2 785862315000 -8.39 19.57 -0.7627395 20 2 785862315000 -8.39 19.57 -0.7627395
20 2 785922343000 9.58 19.57 1.2666923 20 2 785972148000 19.57 14.14 -6.510526
20 2 786023631000 11.92 -6.24 6.3198414 20 2 786023631000 11.92 -6.24 6.3198414
20 2 786023631000 11.92 -6.24 6.3198414 20 2 786023631000 11.92 -6.24 6.3198414
20 2 786972148000 12.91 12.72 -2.6423476 20 2 787032359000 19.38 19.57 5.9793324
20 2 787032359000 19.38 19.57 5.9793324 20 2 787132396000 -9.7 2.72 -5.5162406
20 2 787182262000 -17.88 0.08 -1.334794 20 2 787232280000 -1.8 -1.33 -0.5720546
20 2 787282237000 18.28 4.02 -3.9771416 20 2 787332286000 -4.06 11.96 0.50395286
20 2 787382213000 -11.37 19.5 -0.42223078 20 2 787432109000 9.34 19.57 -0.6946377
20 2 787482799000 19.57 14.18 -4.903325 20 2 787482799000 19.57 14.18 -4.903325
17 1 57891872301000 -0.08172209 5.938472 -1.334794 17 1 57891982317000 1.2258313 8.662541 0.42223078
17 1 57892082262000 3.1463003 8.349273 -0.88532263 17 1 57892192308000 5.09401 9.234595 -0.6537767
17 1 57892302294000 4.5219555 13.797412 -2.7513103 17 1 57892402269000 0.9942854 14.519291 -2.8738933
17 1 57892512316000 4.4810944 7.0553403 -0.50395286 17 1 57892622301000 0.88532263 3.7864566 0.6946377
17 1 57892732317000 6.3607025 16.88923 5.706926 17 1 57892842302000 2.2609777 12.217452 -2.1792557
17 1 57892952349000 2.1792557 7.6954966 -4.372132 17 1 57893062303000 0.5720546 6.851035 -0.3405087
17 1 57893172319000 4.3312707 8.62168 0.08172209 17 1 57893282305000 5.366417 10.95076 -0.84446156
17 1 57893392290000 1.9885708 11.454713 -2.0294318 17 1 57893502306000 3.0645783 13.402422 0.61291564
17 1 57893612322000 1.6889231 3.990762 -0.9942854 17 1 57893722307000 1.8387469 4.9850473 2.6832085
17 1 57893832292000 2.4108016 12.258313 8.076866 17 1 57893932268000 1.334794 11.182305 -1.525479
17 1 57894042314000 4.944186 11.495573 -0.6537767 17 1 57894152300000 1.8387469 7.273266 -1.334794
17 1 57894252245000 4.099725 8.662541 -0.3405087 17 1 57894362291000 6.6331096 11.985906 0.10896278
17 1 57894472307000 0.53119355 13.525005 -1.7297841 17 1 57894572283000 2.4516625 11.264028 0.38136974
17 1 57894622270000 4.5628166 6.932757 -0.3405087 17 1 57894732317000 0.27240697 4.399372 0.53119355
17 1 57894842302000 6.932757 15.826844 5.325556